#  Time of Filecreation:   Friday  03-Apr-2009    17:29.52 
#
FILEVERSION
1
#
#
RUNNAME
C:\Evotec\Bernstein\data\TwisterSystem-OneStep.seq
#
#
PLATES         BARCODE   STATE  STEPNR  LOCATION  FAVOURITE
P101    0403172703-ab-v§    ToDo   1  Rack1 29    31568462 31568463 1238804823  0  29
P102    0403172703-ac-v§    ToDo   1  Rack1 28    31568462 31568463 1238804823  0  28
P103    0403172703-ad-v§    ToDo   1  Rack1 27    31568462 31568463 1238804823  0  27
P104    0403172703-ae-v§    ToDo   1  Rack1 26    31568462 31568463 1238804823  0  26
P105    0403172703-af-v§    ToDo   1  Rack1 25    31568462 31568463 1238804823  0  25
P106    0403172703-ag-v§    ToDo   1  Rack1 24    31568462 31568463 1238804823  0  24
P107    0403172703-ah-v§    ToDo   1  Rack1 23    31568462 31568463 1238804823  0  23
P108    0403172703-ai-v§    ToDo   1  Rack1 22    31568462 31568463 1238804823  0  22
P109    0403172703-aj-v§    ToDo   1  Rack1 21    31568462 31568463 1238804823  0  21
P110    0403172703-ak-v§    ToDo   1  Rack1 20    31568462 31568463 1238804823  0  20
P111    0403172703-al-v§    ToDo   1  Rack1 19    31568462 31568463 1238804823  0  19
P112    0403172703-am-v§    ToDo   1  Rack1 18    31568462 31568463 1238804823  0  18
P113    0403172703-an-v§    ToDo   1  Rack1 17    31568462 31568463 1238804823  0  17
P114    0403172703-ao-v§    ToDo   1  Rack1 16    31568462 31568463 1238804823  0  16
P115    0403172703-ap-v§    ToDo   1  Rack1 15    31568462 31568463 1238804823  0  15
P116    0403172703-aq-v§    ToDo   1  Rack1 14    31568462 31568463 1238804823  0  14
P117    0403172703-ar-v§    ToDo   1  Rack1 13    31568462 31568463 1238804823  0  13
P118    0403172703-as-v§    ToDo   1  Rack1 12    31568462 31568463 1238804823  0  12
P119    0403172703-at-v§    ToDo   1  Rack1 11    31568462 31568463 1238804823  0  11
P120    0403172703-au-v§    ToDo   1  Rack1 10    31568462 31568463 1238804823  0  10
P121    0403172703-av-v§    ToDo   1  Rack1 9    31568462 31568463 1238804823  0  9
P122    0403172703-aw-v§    ToDo   1  Rack1 8    31568462 31568463 1238804823  0  8
P123    0403172703-ax-v§    ToDo   1  Rack1 7    31568462 31568463 1238804823  0  7
P124    0403172703-ay-v§    ToDo   1  Rack1 6    31568462 31568463 1238804823  0  6
P125    0403172703-az-v§    ToDo   1  Rack1 5    31568462 31568463 1238804823  0  5
P126    0403172703-ba-v§    ToDo   1  Rack1 4    31568462 31568463 1238804823  0  4
P127    0403172703-bb-v§    ToDo   1  Rack1 3    31568462 31568463 1238804823  0  3
P128    0403172703-bc-v§    ToDo   1  Rack1 2    31568462 31568463 1238804823  0  2
P129    0403172703-bd-v§    ToDo   1  Rack1 1    31568462 31568463 1238804823  0  1
P130    0403172918-be-v§   InRun   1  Reader 1    1238804960 1238804960 1238804958  0  -2
ENDOFPLATES
#
#
DEVICES           SITESTIMESTAMPS
Rob              1238773306
Barcode          1196796489
Rack1            1238804823 1238804823 1238804823 1238804823 1238804823 1238804823 1238804823 1238804823 1238804823 1238804823 1238804823 1238804823 1238804823 1238804823 1238804823 1238804823 1238804823 1238804823 1238804823 1238804823 1238804823 1238804823 1238804823 1238804823 1238804823 1238804823 1238804823 1238804823 1238804823 1238648150 1238646082 1238643982 1238641906 1238639857 1238637793 1238635737 1238633649 1238631612 1238626021 1238622078 1238521393 1236737704 1236736812 1236736026 1236733521 1235777148 1235777148 1235777148 1235777148 1235777148
Rack2            1238781873 1238781873 1238781873 1238781873 1238781873 1238781873 1238781873 1238781873 1238781873 1238781873 1238781873 1238781873 1238781873 1238781873 1238781873 1238781873 1238781873 1238781873 1238781873 1238781873 1238781873 1238718755 1238718755 1238718755 1238718755 1238718755 1236788639 1236787894 1236786501 1236785372 1236784061 1236783358 1236782659 1236782042 1236781246 1236780149 1236779425 1236778796 1236778203 1236777592 1236776893 1236776177 1236775412 1236774629 1236773757 1236772646 1236734367 31568462 31568462 31568462
Rack3            1238746350 1238744282 1238742175 1238740119 1238738054 1238735969 1238733907 1238731834 1238540516 1238536994 1238532372 1238529721 1238492969 1238490149 1238487418 1238482778 1238478363 1238473459 1238468725 1238459818 1238455810 1238450826 1238446022 1238442897 1238439891 1238435477 1238432437 1238428728 1238424764 1238421670 1238418652 1238415430 1238412577 1238409559 1238406544 1238403840 1238401191 1238398838 1238396542 1238394190 1238391893 1238389261 1238386493 1238383729 1238380925 1238377177 1236791366 1236791366 1236791366 1236791366
Reader           1238804958
Store            31568462 31568462 31568462 31568462 31568462 31568462 31568462 31568462 31568462 31568462 31568462 31568462 31568462 31568462 31568462 31568462 31568462 31568462 31568462 31568462 31568462 31568462 31568462 31568462 31568462 31568462 31568462 31568462 31568462 31568462 31568462 31568462 31568462 31568462 31568462 31568462 31568462 31568462 31568462 31568462 31568462 31568462 31568462 31568462 31568462 31568462 31568462 31568462 31568462 31568462 31568462 31568462 31568462 31568462 31568462 31568462 31568462 31568462 31568462 31568462 31568462 31568462 31568462 31568462 31568462 31568462 31568462 31568462 31568462 31568462 31568462 31568462 31568462 31568462 31568462 31568462 31568462 31568462 31568462 31568462 31568462 31568462 31568462
Tray1            31568462
Tray2            31568462
ENDOFDEVICES
#
#  ModulestateTransactionCompleted   69183 
